,0  ,4
